2200000 0 0 0 0 0 0 0 0 0 0 0 0 0 0 0 0 0 0 0 0 0 0 0 0 0 0 0 0 0 0 0 0 0 0 -1414812757 
616000 1606000 0 0 0 0 0 0 0 0 0 0 0 0 0 0 0 0 0 0 0 0 0 0 0 0 0 0 0 0 0 0 0 0 0 -1414812757 
0 1210000 1012000 0 0 0 0 0 0 0 0 0 0 0 0 0 0 0 0 0 0 0 0 0 0 0 0 0 0 0 0 0 0 0 0 -1414812757 
0 0 1804000 418000 0 0 0 0 0 0 0 0 0 0 0 0 0 0 0 0 0 0 0 0 0 0 0 0 0 0 0 0 0 0 0 -1414812757 
0 0 0 2200000 0 0 0 0 0 0 0 0 0 0 0 0 0 0 0 0 0 0 0 0 0 0 0 0 0 0 0 0 0 0 0 -1414812757 
0 0 0 198000 2024000 0 0 0 0 0 0 0 0 0 0 0 0 0 0 0 0 0 0 0 0 0 0 0 0 0 0 0 0 0 0 -1414812757 
0 0 0 0 792000 0 0 0 0 0 0 0 0 0 0 0 0 0 0 0 0 0 0 0 0 0 0 0 0 0 0 0 0 0 0 -1414812757 
2120000 0 0 0 0 120000 0 0 0 0 0 0 0 0 0 0 0 0 0 0 0 0 0 0 0 0 0 0 0 0 0 0 0 0 0 -1414812757 
593600 1547600 0 0 0 33600 87600 0 0 0 0 0 0 0 0 0 0 0 0 0 0 0 0 0 0 0 0 0 0 0 0 0 0 0 0 -1414812757 
0 1166000 975200 0 0 0 66000 55200 0 0 0 0 0 0 0 0 0 0 0 0 0 0 0 0 0 0 0 0 0 0 0 0 0 0 0 -1414812757 
0 0 1738400 402800 0 0 0 98400 22800 0 0 0 0 0 0 0 0 0 0 0 0 0 0 0 0 0 0 0 0 0 0 0 0 0 0 -1414812757 
0 0 0 2120000 0 0 0 0 120000 0 0 0 0 0 0 0 0 0 0 0 0 0 0 0 0 0 0 0 0 0 0 0 0 0 0 -1414812757 
0 0 0 190800 1950400 0 0 0 10800 110400 0 0 0 0 0 0 0 0 0 0 0 0 0 0 0 0 0 0 0 0 0 0 0 0 0 -1414812757 
0 0 0 0 763200 0 0 0 0 43200 0 0 0 0 0 0 0 0 0 0 0 0 0 0 0 0 0 0 0 0 0 0 0 0 0 -1414812757 
0 0 0 0 0 2200000 0 0 0 0 0 0 0 0 0 0 0 0 0 0 0 0 0 0 0 0 0 0 0 0 0 0 0 0 0 -1414812757 
0 0 0 0 0 616000 1606000 0 0 0 0 0 0 0 0 0 0 0 0 0 0 0 0 0 0 0 0 0 0 0 0 0 0 0 0 -1414812757 
0 0 0 0 0 0 1210000 1012000 0 0 0 0 0 0 0 0 0 0 0 0 0 0 0 0 0 0 0 0 0 0 0 0 0 0 0 -1414812757 
0 0 0 0 0 0 0 1804000 418000 0 0 0 0 0 0 0 0 0 0 0 0 0 0 0 0 0 0 0 0 0 0 0 0 0 0 -1414812757 
0 0 0 0 0 0 0 0 2200000 0 0 0 0 0 0 0 0 0 0 0 0 0 0 0 0 0 0 0 0 0 0 0 0 0 0 -1414812757 
0 0 0 0 0 0 0 0 198000 2024000 0 0 0 0 0 0 0 0 0 0 0 0 0 0 0 0 0 0 0 0 0 0 0 0 0 -1414812757 
0 0 0 0 0 0 0 0 0 792000 0 0 0 0 0 0 0 0 0 0 0 0 0 0 0 0 0 0 0 0 0 0 0 0 0 -1414812757 
0 0 0 0 0 2000000 0 0 0 0 240000 0 0 0 0 0 0 0 0 0 0 0 0 0 0 0 0 0 0 0 0 0 0 0 0 -1414812757 
0 0 0 0 0 560000 1460000 0 0 0 67200 175200 0 0 0 0 0 0 0 0 0 0 0 0 0 0 0 0 0 0 0 0 0 0 0 -1414812757 
0 0 0 0 0 0 1100000 920000 0 0 0 132000 110400 0 0 0 0 0 0 0 0 0 0 0 0 0 0 0 0 0 0 0 0 0 0 -1414812757 
0 0 0 0 0 0 0 1640000 380000 0 0 0 196800 45600 0 0 0 0 0 0 0 0 0 0 0 0 0 0 0 0 0 0 0 0 0 -1414812757 
0 0 0 0 0 0 0 0 2000000 0 0 0 0 240000 0 0 0 0 0 0 0 0 0 0 0 0 0 0 0 0 0 0 0 0 0 -1414812757 
0 0 0 0 0 0 0 0 180000 1840000 0 0 0 21600 220800 0 0 0 0 0 0 0 0 0 0 0 0 0 0 0 0 0 0 0 0 -1414812757 
0 0 0 0 0 0 0 0 0 720000 0 0 0 0 86400 0 0 0 0 0 0 0 0 0 0 0 0 0 0 0 0 0 0 0 0 -1414812757 
0 0 0 0 0 0 0 0 0 0 2200000 0 0 0 0 0 0 0 0 0 0 0 0 0 0 0 0 0 0 0 0 0 0 0 0 -1414812757 
0 0 0 0 0 0 0 0 0 0 616000 1606000 0 0 0 0 0 0 0 0 0 0 0 0 0 0 0 0 0 0 0 0 0 0 0 -1414812757 
0 0 0 0 0 0 0 0 0 0 0 1210000 1012000 0 0 0 0 0 0 0 0 0 0 0 0 0 0 0 0 0 0 0 0 0 0 -1414812757 
0 0 0 0 0 0 0 0 0 0 0 0 1804000 418000 0 0 0 0 0 0 0 0 0 0 0 0 0 0 0 0 0 0 0 0 0 -1414812757 
0 0 0 0 0 0 0 0 0 0 0 0 0 2200000 0 0 0 0 0 0 0 0 0 0 0 0 0 0 0 0 0 0 0 0 0 -1414812757 
0 0 0 0 0 0 0 0 0 0 0 0 0 198000 2024000 0 0 0 0 0 0 0 0 0 0 0 0 0 0 0 0 0 0 0 0 -1414812757 
0 0 0 0 0 0 0 0 0 0 0 0 0 0 792000 0 0 0 0 0 0 0 0 0 0 0 0 0 0 0 0 0 0 0 0 -1414812757 
0 0 0 0 0 0 0 0 0 0 1880000 0 0 0 0 360000 0 0 0 0 0 0 0 0 0 0 0 0 0 0 0 0 0 0 0 -1414812757 
0 0 0 0 0 0 0 0 0 0 526400 1372400 0 0 0 100800 262800 0 0 0 0 0 0 0 0 0 0 0 0 0 0 0 0 0 0 -1414812757 
0 0 0 0 0 0 0 0 0 0 0 1034000 864800 0 0 0 198000 165600 0 0 0 0 0 0 0 0 0 0 0 0 0 0 0 0 0 -1414812757 
0 0 0 0 0 0 0 0 0 0 0 0 1541600 357200 0 0 0 295200 68400 0 0 0 0 0 0 0 0 0 0 0 0 0 0 0 0 -1414812757 
0 0 0 0 0 0 0 0 0 0 0 0 0 1880000 0 0 0 0 360000 0 0 0 0 0 0 0 0 0 0 0 0 0 0 0 0 -1414812757 
0 0 0 0 0 0 0 0 0 0 0 0 0 169200 1729600 0 0 0 32400 331200 0 0 0 0 0 0 0 0 0 0 0 0 0 0 0 -1414812757 
0 0 0 0 0 0 0 0 0 0 0 0 0 0 676800 0 0 0 0 129600 0 0 0 0 0 0 0 0 0 0 0 0 0 0 0 -1414812757 
0 0 0 0 0 0 0 0 0 0 0 0 0 0 0 2200000 0 0 0 0 0 0 0 0 0 0 0 0 0 0 0 0 0 0 0 -1414812757 
0 0 0 0 0 0 0 0 0 0 0 0 0 0 0 616000 1606000 0 0 0 0 0 0 0 0 0 0 0 0 0 0 0 0 0 0 -1414812757 
0 0 0 0 0 0 0 0 0 0 0 0 0 0 0 0 1210000 1012000 0 0 0 0 0 0 0 0 0 0 0 0 0 0 0 0 0 -1414812757 
0 0 0 0 0 0 0 0 0 0 0 0 0 0 0 0 0 1804000 418000 0 0 0 0 0 0 0 0 0 0 0 0 0 0 0 0 -1414812757 
0 0 0 0 0 0 0 0 0 0 0 0 0 0 0 0 0 0 2200000 0 0 0 0 0 0 0 0 0 0 0 0 0 0 0 0 -1414812757 
0 0 0 0 0 0 0 0 0 0 0 0 0 0 0 0 0 0 198000 2024000 0 0 0 0 0 0 0 0 0 0 0 0 0 0 0 -1414812757 
0 0 0 0 0 0 0 0 0 0 0 0 0 0 0 0 0 0 0 792000 0 0 0 0 0 0 0 0 0 0 0 0 0 0 0 -1414812757 
0 0 0 0 0 0 0 0 0 0 0 0 0 0 0 1760000 0 0 0 0 480000 0 0 0 0 0 0 0 0 0 0 0 0 0 0 -1414812757 
0 0 0 0 0 0 0 0 0 0 0 0 0 0 0 492800 1284800 0 0 0 134400 350400 0 0 0 0 0 0 0 0 0 0 0 0 0 -1414812757 
0 0 0 0 0 0 0 0 0 0 0 0 0 0 0 0 968000 809600 0 0 0 264000 220800 0 0 0 0 0 0 0 0 0 0 0 0 -1414812757 
0 0 0 0 0 0 0 0 0 0 0 0 0 0 0 0 0 1443200 334400 0 0 0 393600 91200 0 0 0 0 0 0 0 0 0 0 0 -1414812757 
0 0 0 0 0 0 0 0 0 0 0 0 0 0 0 0 0 0 1760000 0 0 0 0 480000 0 0 0 0 0 0 0 0 0 0 0 -1414812757 
0 0 0 0 0 0 0 0 0 0 0 0 0 0 0 0 0 0 158400 1619200 0 0 0 43200 441600 0 0 0 0 0 0 0 0 0 0 -1414812757 
0 0 0 0 0 0 0 0 0 0 0 0 0 0 0 0 0 0 0 633600 0 0 0 0 172800 0 0 0 0 0 0 0 0 0 0 -1414812757 
0 0 0 0 0 0 0 0 0 0 0 0 0 0 0 0 0 0 0 0 2200000 0 0 0 0 0 0 0 0 0 0 0 0 0 0 -1414812757 
0 0 0 0 0 0 0 0 0 0 0 0 0 0 0 0 0 0 0 0 616000 1606000 0 0 0 0 0 0 0 0 0 0 0 0 0 -1414812757 
0 0 0 0 0 0 0 0 0 0 0 0 0 0 0 0 0 0 0 0 0 1210000 1012000 0 0 0 0 0 0 0 0 0 0 0 0 -1414812757 
0 0 0 0 0 0 0 0 0 0 0 0 0 0 0 0 0 0 0 0 0 0 1804000 418000 0 0 0 0 0 0 0 0 0 0 0 -1414812757 
0 0 0 0 0 0 0 0 0 0 0 0 0 0 0 0 0 0 0 0 0 0 0 2200000 0 0 0 0 0 0 0 0 0 0 0 -1414812757 
0 0 0 0 0 0 0 0 0 0 0 0 0 0 0 0 0 0 0 0 0 0 0 198000 2024000 0 0 0 0 0 0 0 0 0 0 -1414812757 
0 0 0 0 0 0 0 0 0 0 0 0 0 0 0 0 0 0 0 0 0 0 0 0 792000 0 0 0 0 0 0 0 0 0 0 -1414812757 
0 0 0 0 0 0 0 0 0 0 0 0 0 0 0 0 0 0 0 0 1640000 0 0 0 0 600000 0 0 0 0 0 0 0 0 0 -1414812757 
0 0 0 0 0 0 0 0 0 0 0 0 0 0 0 0 0 0 0 0 459200 1197200 0 0 0 168000 438000 0 0 0 0 0 0 0 0 -1414812757 
0 0 0 0 0 0 0 0 0 0 0 0 0 0 0 0 0 0 0 0 0 902000 754400 0 0 0 330000 276000 0 0 0 0 0 0 0 -1414812757 
0 0 0 0 0 0 0 0 0 0 0 0 0 0 0 0 0 0 0 0 0 0 1344800 311600 0 0 0 492000 114000 0 0 0 0 0 0 -1414812757 
0 0 0 0 0 0 0 0 0 0 0 0 0 0 0 0 0 0 0 0 0 0 0 1640000 0 0 0 0 600000 0 0 0 0 0 0 -1414812757 
0 0 0 0 0 0 0 0 0 0 0 0 0 0 0 0 0 0 0 0 0 0 0 147600 1508800 0 0 0 54000 552000 0 0 0 0 0 -1414812757 
0 0 0 0 0 0 0 0 0 0 0 0 0 0 0 0 0 0 0 0 0 0 0 0 590400 0 0 0 0 216000 0 0 0 0 0 -1414812757 
0 0 0 0 0 0 0 0 0 0 0 0 0 0 0 0 0 0 0 0 0 0 0 0 0 2200000 0 0 0 0 0 0 0 0 0 -1414812757 
0 0 0 0 0 0 0 0 0 0 0 0 0 0 0 0 0 0 0 0 0 0 0 0 0 616000 1606000 0 0 0 0 0 0 0 0 -1414812757 
0 0 0 0 0 0 0 0 0 0 0 0 0 0 0 0 0 0 0 0 0 0 0 0 0 0 1210000 1012000 0 0 0 0 0 0 0 -1414812757 
0 0 0 0 0 0 0 0 0 0 0 0 0 0 0 0 0 0 0 0 0 0 0 0 0 0 0 1804000 418000 0 0 0 0 0 0 -1414812757 
0 0 0 0 0 0 0 0 0 0 0 0 0 0 0 0 0 0 0 0 0 0 0 0 0 0 0 0 2200000 0 0 0 0 0 0 -1414812757 
0 0 0 0 0 0 0 0 0 0 0 0 0 0 0 0 0 0 0 0 0 0 0 0 0 0 0 0 198000 2024000 0 0 0 0 0 -1414812757 
0 0 0 0 0 0 0 0 0 0 0 0 0 0 0 0 0 0 0 0 0 0 0 0 0 0 0 0 0 792000 0 0 0 0 0 -1414812757 
0 0 0 0 0 0 0 0 0 0 0 0 0 0 0 0 0 0 0 0 0 0 0 0 0 1520000 0 0 0 0 720000 0 0 0 0 -1414812757 
0 0 0 0 0 0 0 0 0 0 0 0 0 0 0 0 0 0 0 0 0 0 0 0 0 425600 1109600 0 0 0 201600 525600 0 0 0 -1414812757 
0 0 0 0 0 0 0 0 0 0 0 0 0 0 0 0 0 0 0 0 0 0 0 0 0 0 836000 699200 0 0 0 396000 331200 0 0 -1414812757 
0 0 0 0 0 0 0 0 0 0 0 0 0 0 0 0 0 0 0 0 0 0 0 0 0 0 0 1246400 288800 0 0 0 590400 136800 0 -1414812757 
0 0 0 0 0 0 0 0 0 0 0 0 0 0 0 0 0 0 0 0 0 0 0 0 0 0 0 0 1520000 0 0 0 0 720000 0 -1414812757 
0 0 0 0 0 0 0 0 0 0 0 0 0 0 0 0 0 0 0 0 0 0 0 0 0 0 0 0 136800 1398400 0 0 0 64800 662400 -1414812757 
0 0 0 0 0 0 0 0 0 0 0 0 0 0 0 0 0 0 0 0 0 0 0 0 0 0 0 0 0 547200 0 0 0 0 259200 -1414812757 
0 0 0 0 0 0 0 0 0 0 0 0 0 0 0 0 0 0 0 0 0 0 0 0 0 0 0 0 0 0 2200000 0 0 0 0 -1414812757 
0 0 0 0 0 0 0 0 0 0 0 0 0 0 0 0 0 0 0 0 0 0 0 0 0 0 0 0 0 0 616000 1606000 0 0 0 -1414812757 
0 0 0 0 0 0 0 0 0 0 0 0 0 0 0 0 0 0 0 0 0 0 0 0 0 0 0 0 0 0 0 1210000 1012000 0 0 -1414812757 
0 0 0 0 0 0 0 0 0 0 0 0 0 0 0 0 0 0 0 0 0 0 0 0 0 0 0 0 0 0 0 0 1804000 418000 0 -1414812757 
0 0 0 0 0 0 0 0 0 0 0 0 0 0 0 0 0 0 0 0 0 0 0 0 0 0 0 0 0 0 0 0 0 2200000 0 -1414812757 
0 0 0 0 0 0 0 0 0 0 0 0 0 0 0 0 0 0 0 0 0 0 0 0 0 0 0 0 0 0 0 0 0 198000 2024000 -1414812757 
0 0 0 0 0 0 0 0 0 0 0 0 0 0 0 0 0 0 0 0 0 0 0 0 0 0 0 0 0 0 0 0 0 0 792000 -1414812757 
0 0 0 0 0 0 0 0 0 0 0 0 0 0 0 0 0 0 0 0 0 0 0 0 0 0 0 0 0 0 1400000 0 0 0 0 -1414812757 
0 0 0 0 0 0 0 0 0 0 0 0 0 0 0 0 0 0 0 0 0 0 0 0 0 0 0 0 0 0 392000 1022000 0 0 0 -1414812757 
0 0 0 0 0 0 0 0 0 0 0 0 0 0 0 0 0 0 0 0 0 0 0 0 0 0 0 0 0 0 0 770000 644000 0 0 -1414812757 
0 0 0 0 0 0 0 0 0 0 0 0 0 0 0 0 0 0 0 0 0 0 0 0 0 0 0 0 0 0 0 0 1148000 266000 0 -1414812757 
0 0 0 0 0 0 0 0 0 0 0 0 0 0 0 0 0 0 0 0 0 0 0 0 0 0 0 0 0 0 0 0 0 1400000 0 -1414812757 
0 0 0 0 0 0 0 0 0 0 0 0 0 0 0 0 0 0 0 0 0 0 0 0 0 0 0 0 0 0 0 0 0 126000 1288000 -1414812757 
0 0 0 0 0 0 0 0 0 0 0 0 0 0 0 0 0 0 0 0 0 0 0 0 0 0 0 0 0 0 0 0 0 0 504000 -1414812757 
